Files already downloaded and verified
using gpu!
[1,  2000] loss: 2.170
[1,  4000] loss: 2.070
[2,  2000] loss: 2.030
[2,  4000] loss: 2.017
[3,  2000] loss: 1.998
[3,  4000] loss: 2.006
[4,  2000] loss: 1.992
[4,  4000] loss: 2.008
[5,  2000] loss: 1.991
[5,  4000] loss: 1.994
[6,  2000] loss: 2.004
[6,  4000] loss: 1.998
[7,  2000] loss: 2.034
[7,  4000] loss: 2.005
[8,  2000] loss: 2.016
[8,  4000] loss: 2.017
[9,  2000] loss: 2.041
[9,  4000] loss: 2.041
[10,  2000] loss: 2.081
[10,  4000] loss: 2.039
[11,  2000] loss: 2.057
[11,  4000] loss: 2.079
[12,  2000] loss: 2.077
[12,  4000] loss: 2.083
[13,  2000] loss: 2.056
[13,  4000] loss: 2.065
[14,  2000] loss: 2.087
[14,  4000] loss: 2.076
[15,  2000] loss: 2.114
[15,  4000] loss: 2.154
[16,  2000] loss: 2.102
[16,  4000] loss: 2.120
[17,  2000] loss: 2.119
[17,  4000] loss: 2.141
[18,  2000] loss: 2.113
[18,  4000] loss: 2.099
[19,  2000] loss: 2.212
[19,  4000] loss: 2.129
[20,  2000] loss: 2.126
[20,  4000] loss: 2.125
[21,  2000] loss: 2.112
[21,  4000] loss: 2.157
[22,  2000] loss: 2.136
[22,  4000] loss: 2.118
[23,  2000] loss: 2.134
[23,  4000] loss: 2.132
[24,  2000] loss: 2.142
[24,  4000] loss: 2.176
[25,  2000] loss: 2.121
[25,  4000] loss: 2.198
[26,  2000] loss: 2.179
[26,  4000] loss: 2.152
[27,  2000] loss: 2.234
[27,  4000] loss: 2.191
[28,  2000] loss: 2.130
[28,  4000] loss: 2.126
[29,  2000] loss: 2.174
[29,  4000] loss: 2.196
[30,  2000] loss: 2.208
[30,  4000] loss: 2.200
[31,  2000] loss: 2.149
[31,  4000] loss: 2.160
[32,  2000] loss: 2.167
[32,  4000] loss: 2.195
[33,  2000] loss: 2.198
[33,  4000] loss: 2.187
[34,  2000] loss: 2.195
[34,  4000] loss: 2.179
[35,  2000] loss: 2.176
[35,  4000] loss: 2.155
[36,  2000] loss: 2.179
[36,  4000] loss: 2.202
[37,  2000] loss: 2.244
[37,  4000] loss: 2.247
[38,  2000] loss: 2.238
[38,  4000] loss: 2.219
[39,  2000] loss: 2.193
[39,  4000] loss: 2.186
[40,  2000] loss: 2.209
[40,  4000] loss: 2.217
[41,  2000] loss: 2.215
[41,  4000] loss: 2.238
[42,  2000] loss: 2.245
[42,  4000] loss: 2.240
[43,  2000] loss: 2.228
[43,  4000] loss: 2.248
[44,  2000] loss: 2.256
[44,  4000] loss: 2.260
[45,  2000] loss: 2.273
[45,  4000] loss: 2.277
[46,  2000] loss: 2.275
[46,  4000] loss: 2.279
[47,  2000] loss: 2.279
[47,  4000] loss: 2.281
[48,  2000] loss: 2.300
[48,  4000] loss: 2.319
[49,  2000] loss: 2.315
[49,  4000] loss: 2.319
[50,  2000] loss: 2.323
[50,  4000] loss: 2.316
Finished Training
Accuracy of the network on the 10000 test images: 16 %
