Files already downloaded and verified
using gpu!
[1,  2000] loss: 2.162
[1,  4000] loss: 2.097
[2,  2000] loss: 2.065
[2,  4000] loss: 2.056
[3,  2000] loss: 2.049
[3,  4000] loss: 2.034
[4,  2000] loss: 2.033
[4,  4000] loss: 2.029
[5,  2000] loss: 2.039
[5,  4000] loss: 2.070
[6,  2000] loss: 2.057
[6,  4000] loss: 2.047
[7,  2000] loss: 2.077
[7,  4000] loss: 2.084
[8,  2000] loss: 2.054
[8,  4000] loss: 2.059
[9,  2000] loss: 2.079
[9,  4000] loss: 2.083
[10,  2000] loss: 2.110
[10,  4000] loss: 2.116
[11,  2000] loss: 2.123
[11,  4000] loss: 2.111
[12,  2000] loss: 2.120
[12,  4000] loss: 2.110
[13,  2000] loss: 2.165
[13,  4000] loss: 2.145
[14,  2000] loss: 2.158
[14,  4000] loss: 2.146
[15,  2000] loss: 2.145
[15,  4000] loss: 2.125
[16,  2000] loss: 2.156
[16,  4000] loss: 2.165
[17,  2000] loss: 2.171
[17,  4000] loss: 2.159
[18,  2000] loss: 2.164
[18,  4000] loss: 2.202
[19,  2000] loss: 2.191
[19,  4000] loss: 2.166
[20,  2000] loss: 2.147
[20,  4000] loss: 2.185
[21,  2000] loss: 2.190
[21,  4000] loss: 2.154
[22,  2000] loss: 2.169
[22,  4000] loss: 2.205
[23,  2000] loss: 2.180
[23,  4000] loss: 2.179
[24,  2000] loss: 2.169
[24,  4000] loss: 2.175
[25,  2000] loss: 2.139
[25,  4000] loss: 2.162
[26,  2000] loss: 2.188
[26,  4000] loss: 2.201
[27,  2000] loss: 2.258
[27,  4000] loss: 2.262
[28,  2000] loss: 2.248
[28,  4000] loss: 2.231
[29,  2000] loss: 2.185
[29,  4000] loss: 2.195
[30,  2000] loss: 2.221
[30,  4000] loss: 2.250
[31,  2000] loss: 2.293
[31,  4000] loss: 2.277
[32,  2000] loss: 2.226
[32,  4000] loss: 2.215
[33,  2000] loss: 2.258
[33,  4000] loss: 2.269
[34,  2000] loss: 2.267
[34,  4000] loss: 2.278
[35,  2000] loss: 2.295
[35,  4000] loss: 2.275
[36,  2000] loss: 2.281
[36,  4000] loss: 2.279
[37,  2000] loss: 2.261
[37,  4000] loss: 2.232
[38,  2000] loss: 2.175
[38,  4000] loss: 2.166
[39,  2000] loss: 2.201
[39,  4000] loss: 2.244
[40,  2000] loss: 2.265
[40,  4000] loss: 2.264
[41,  2000] loss: 2.280
[41,  4000] loss: 2.270
[42,  2000] loss: 2.272
[42,  4000] loss: 2.274
[43,  2000] loss: 2.287
[43,  4000] loss: 2.290
[44,  2000] loss: 2.300
[44,  4000] loss: 2.299
[45,  2000] loss: 2.288
[45,  4000] loss: 2.293
[46,  2000] loss: 2.290
[46,  4000] loss: 2.303
[47,  2000] loss: 2.292
[47,  4000] loss: 2.294
[48,  2000] loss: 2.292
[48,  4000] loss: 2.294
[49,  2000] loss: 2.296
[49,  4000] loss: 2.295
[50,  2000] loss: 2.287
[50,  4000] loss: 2.289
[51,  2000] loss: 2.278
[51,  4000] loss: 2.285
[52,  2000] loss: 2.294
[52,  4000] loss: 2.312
[53,  2000] loss: 2.304
[53,  4000] loss: 2.290
[54,  2000] loss: 2.273
[54,  4000] loss: 2.273
[55,  2000] loss: 2.285
[55,  4000] loss: 2.279
[56,  2000] loss: 2.276
[56,  4000] loss: 2.277
[57,  2000] loss: 2.288
[57,  4000] loss: 2.286
[58,  2000] loss: 2.283
[58,  4000] loss: 2.285
[59,  2000] loss: 2.287
[59,  4000] loss: 2.279
[60,  2000] loss: 2.285
[60,  4000] loss: 2.283
[61,  2000] loss: 2.287
[61,  4000] loss: 2.288
[62,  2000] loss: 2.283
[62,  4000] loss: 2.283
[63,  2000] loss: 2.280
[63,  4000] loss: 2.284
[64,  2000] loss: 2.285
[64,  4000] loss: 2.301
[65,  2000] loss: 2.314
[65,  4000] loss: 2.307
[66,  2000] loss: 2.345
[66,  4000] loss: 2.356
[67,  2000] loss: 2.355
[67,  4000] loss: 2.334
[68,  2000] loss: 2.320
[68,  4000] loss: 2.320
[69,  2000] loss: 2.319
[69,  4000] loss: 2.322
[70,  2000] loss: 2.322
[70,  4000] loss: 2.316
[71,  2000] loss: 2.321
[71,  4000] loss: 2.317
[72,  2000] loss: 2.324
[72,  4000] loss: 2.317
[73,  2000] loss: 2.319
[73,  4000] loss: 2.321
[74,  2000] loss: 2.320
[74,  4000] loss: 2.318
[75,  2000] loss: 2.318
[75,  4000] loss: 2.320
[76,  2000] loss: 2.318
[76,  4000] loss: 2.322
[77,  2000] loss: 2.319
[77,  4000] loss: 2.319
[78,  2000] loss: 2.314
[78,  4000] loss: 2.324
[79,  2000] loss: 2.321
[79,  4000] loss: 2.318
[80,  2000] loss: 2.319
[80,  4000] loss: 2.322
[81,  2000] loss: 2.319
[81,  4000] loss: 2.321
[82,  2000] loss: 2.322
[82,  4000] loss: 2.318
[83,  2000] loss: 2.323
[83,  4000] loss: 2.317
[84,  2000] loss: 2.323
[84,  4000] loss: 2.316
[85,  2000] loss: 2.321
[85,  4000] loss: 2.316
[86,  2000] loss: 2.323
[86,  4000] loss: 2.346
[87,  2000] loss: 2.357
[87,  4000] loss: 2.358
[88,  2000] loss: 2.356
[88,  4000] loss: 2.356
[89,  2000] loss: 2.356
[89,  4000] loss: 2.355
[90,  2000] loss: 2.357
[90,  4000] loss: 2.356
[91,  2000] loss: 2.357
[91,  4000] loss: 2.355
[92,  2000] loss: 2.355
[92,  4000] loss: 2.356
[93,  2000] loss: 2.356
[93,  4000] loss: 2.354
[94,  2000] loss: 2.355
[94,  4000] loss: 2.355
[95,  2000] loss: 2.356
[95,  4000] loss: 2.356
[96,  2000] loss: 2.359
[96,  4000] loss: 2.353
[97,  2000] loss: 2.357
[97,  4000] loss: 2.353
[98,  2000] loss: 2.359
[98,  4000] loss: 2.355
[99,  2000] loss: 2.356
[99,  4000] loss: 2.358
[100,  2000] loss: 2.354
[100,  4000] loss: 2.355
[101,  2000] loss: 2.358
[101,  4000] loss: 2.356
[102,  2000] loss: 2.356
[102,  4000] loss: 2.356
[103,  2000] loss: 2.354
[103,  4000] loss: 2.357
[104,  2000] loss: 2.357
[104,  4000] loss: 2.354
[105,  2000] loss: 2.357
[105,  4000] loss: 2.358
[106,  2000] loss: 2.356
[106,  4000] loss: 2.358
[107,  2000] loss: 2.355
[107,  4000] loss: 2.360
[108,  2000] loss: 2.356
[108,  4000] loss: 2.356
[109,  2000] loss: 2.356
[109,  4000] loss: 2.356
[110,  2000] loss: 2.356
[110,  4000] loss: 2.356
[111,  2000] loss: 2.356
[111,  4000] loss: 2.354
[112,  2000] loss: 2.355
[112,  4000] loss: 2.359
[113,  2000] loss: 2.357
[113,  4000] loss: 2.355
[114,  2000] loss: 2.356
[114,  4000] loss: 2.356
[115,  2000] loss: 2.353
[115,  4000] loss: 2.359
[116,  2000] loss: 2.356
[116,  4000] loss: 2.357
[117,  2000] loss: 2.359
[117,  4000] loss: 2.355
[118,  2000] loss: 2.355
[118,  4000] loss: 2.356
[119,  2000] loss: 2.358
[119,  4000] loss: 2.356
[120,  2000] loss: 2.353
[120,  4000] loss: 2.360
[121,  2000] loss: 2.356
[121,  4000] loss: 2.356
[122,  2000] loss: 2.355
[122,  4000] loss: 2.356
[123,  2000] loss: 2.357
[123,  4000] loss: 2.356
[124,  2000] loss: 2.357
[124,  4000] loss: 2.352
[125,  2000] loss: 2.356
[125,  4000] loss: 2.358
[126,  2000] loss: 2.354
[126,  4000] loss: 2.357
[127,  2000] loss: 2.357
[127,  4000] loss: 2.356
[128,  2000] loss: 2.358
[128,  4000] loss: 2.356
[129,  2000] loss: 2.355
[129,  4000] loss: 2.356
[130,  2000] loss: 2.356
[130,  4000] loss: 2.356
[131,  2000] loss: 2.355
[131,  4000] loss: 2.354
[132,  2000] loss: 2.356
[132,  4000] loss: 2.356
[133,  2000] loss: 2.356
[133,  4000] loss: 2.358
[134,  2000] loss: 2.355
[134,  4000] loss: 2.354
[135,  2000] loss: 2.355
[135,  4000] loss: 2.357
[136,  2000] loss: 2.357
[136,  4000] loss: 2.356
[137,  2000] loss: 2.359
[137,  4000] loss: 2.354
[138,  2000] loss: 2.360
[138,  4000] loss: 2.352
[139,  2000] loss: 2.357
[139,  4000] loss: 2.353
[140,  2000] loss: 2.358
[140,  4000] loss: 2.355
[141,  2000] loss: 2.357
[141,  4000] loss: 2.356
[142,  2000] loss: 2.359
[142,  4000] loss: 2.353
[143,  2000] loss: 2.357
[143,  4000] loss: 2.356
[144,  2000] loss: 2.357
[144,  4000] loss: 2.356
[145,  2000] loss: 2.354
[145,  4000] loss: 2.356
[146,  2000] loss: 2.356
[146,  4000] loss: 2.356
[147,  2000] loss: 2.357
[147,  4000] loss: 2.356
[148,  2000] loss: 2.354
[148,  4000] loss: 2.357
[149,  2000] loss: 2.355
[149,  4000] loss: 2.357
[150,  2000] loss: 2.354
[150,  4000] loss: 2.359
[151,  2000] loss: 2.355
[151,  4000] loss: 2.356
[152,  2000] loss: 2.358
[152,  4000] loss: 2.354
[153,  2000] loss: 2.356
[153,  4000] loss: 2.354
[154,  2000] loss: 2.357
[154,  4000] loss: 2.357
[155,  2000] loss: 2.358
[155,  4000] loss: 2.353
[156,  2000] loss: 2.357
[156,  4000] loss: 2.355
[157,  2000] loss: 2.357
[157,  4000] loss: 2.356
[158,  2000] loss: 2.355
[158,  4000] loss: 2.355
[159,  2000] loss: 2.356
[159,  4000] loss: 2.354
[160,  2000] loss: 2.359
[160,  4000] loss: 2.353
[161,  2000] loss: 2.354
[161,  4000] loss: 2.357
[162,  2000] loss: 2.358
[162,  4000] loss: 2.353
[163,  2000] loss: 2.355
[163,  4000] loss: 2.359
[164,  2000] loss: 2.358
[164,  4000] loss: 2.356
[165,  2000] loss: 2.359
[165,  4000] loss: 2.356
[166,  2000] loss: 2.354
[166,  4000] loss: 2.356
[167,  2000] loss: 2.356
[167,  4000] loss: 2.356
[168,  2000] loss: 2.356
[168,  4000] loss: 2.358
[169,  2000] loss: 2.358
[169,  4000] loss: 2.355
[170,  2000] loss: 2.356
[170,  4000] loss: 2.355
[171,  2000] loss: 2.356
[171,  4000] loss: 2.357
[172,  2000] loss: 2.355
[172,  4000] loss: 2.357
[173,  2000] loss: 2.356
[173,  4000] loss: 2.357
[174,  2000] loss: 2.353
[174,  4000] loss: 2.359
[175,  2000] loss: 2.353
[175,  4000] loss: 2.356
[176,  2000] loss: 2.354
[176,  4000] loss: 2.358
[177,  2000] loss: 2.356
[177,  4000] loss: 2.355
[178,  2000] loss: 2.356
[178,  4000] loss: 2.355
[179,  2000] loss: 2.359
[179,  4000] loss: 2.352
[180,  2000] loss: 2.357
[180,  4000] loss: 2.355
[181,  2000] loss: 2.356
[181,  4000] loss: 2.356
[182,  2000] loss: 2.356
[182,  4000] loss: 2.357
[183,  2000] loss: 2.355
[183,  4000] loss: 2.357
[184,  2000] loss: 2.354
[184,  4000] loss: 2.357
[185,  2000] loss: 2.357
[185,  4000] loss: 2.354
[186,  2000] loss: 2.354
[186,  4000] loss: 2.356
[187,  2000] loss: 2.355
[187,  4000] loss: 2.358
[188,  2000] loss: 2.355
[188,  4000] loss: 2.357
[189,  2000] loss: 2.355
[189,  4000] loss: 2.356
[190,  2000] loss: 2.357
[190,  4000] loss: 2.357
[191,  2000] loss: 2.357
[191,  4000] loss: 2.354
[192,  2000] loss: 2.357
[192,  4000] loss: 2.357
[193,  2000] loss: 2.357
[193,  4000] loss: 2.354
[194,  2000] loss: 2.357
[194,  4000] loss: 2.352
[195,  2000] loss: 2.357
[195,  4000] loss: 2.354
[196,  2000] loss: 2.356
[196,  4000] loss: 2.355
[197,  2000] loss: 2.356
[197,  4000] loss: 2.355
[198,  2000] loss: 2.354
[198,  4000] loss: 2.356
[199,  2000] loss: 2.353
[199,  4000] loss: 2.359
[200,  2000] loss: 2.354
[200,  4000] loss: 2.356
Finished Training
Accuracy of the network on the 10000 test images: 10 %
