Files already downloaded and verified
using gpu!
[1,  2000] loss: 2.286
[1,  4000] loss: 2.251
[2,  2000] loss: 2.201
[2,  4000] loss: 2.183
[3,  2000] loss: 2.158
[3,  4000] loss: 2.151
[4,  2000] loss: 2.130
[4,  4000] loss: 2.126
[5,  2000] loss: 2.115
[5,  4000] loss: 2.108
[6,  2000] loss: 2.100
[6,  4000] loss: 2.095
[7,  2000] loss: 2.088
[7,  4000] loss: 2.085
[8,  2000] loss: 2.077
[8,  4000] loss: 2.071
[9,  2000] loss: 2.069
[9,  4000] loss: 2.062
[10,  2000] loss: 2.058
[10,  4000] loss: 2.050
[11,  2000] loss: 2.046
[11,  4000] loss: 2.050
[12,  2000] loss: 2.045
[12,  4000] loss: 2.040
[13,  2000] loss: 2.036
[13,  4000] loss: 2.041
[14,  2000] loss: 2.032
[14,  4000] loss: 2.031
[15,  2000] loss: 2.028
[15,  4000] loss: 2.026
[16,  2000] loss: 2.026
[16,  4000] loss: 2.019
[17,  2000] loss: 2.015
[17,  4000] loss: 2.014
[18,  2000] loss: 2.014
[18,  4000] loss: 2.011
[19,  2000] loss: 2.004
[19,  4000] loss: 2.004
[20,  2000] loss: 1.998
[20,  4000] loss: 1.995
[21,  2000] loss: 1.985
[21,  4000] loss: 1.986
[22,  2000] loss: 1.981
[22,  4000] loss: 1.980
[23,  2000] loss: 1.976
[23,  4000] loss: 1.977
[24,  2000] loss: 1.971
[24,  4000] loss: 1.969
[25,  2000] loss: 1.971
[25,  4000] loss: 1.967
[26,  2000] loss: 1.962
[26,  4000] loss: 1.966
[27,  2000] loss: 1.958
[27,  4000] loss: 1.960
[28,  2000] loss: 1.956
[28,  4000] loss: 1.956
[29,  2000] loss: 1.955
[29,  4000] loss: 1.959
[30,  2000] loss: 1.951
[30,  4000] loss: 1.952
[31,  2000] loss: 1.947
[31,  4000] loss: 1.950
[32,  2000] loss: 1.949
[32,  4000] loss: 1.946
[33,  2000] loss: 1.948
[33,  4000] loss: 1.943
[34,  2000] loss: 1.943
[34,  4000] loss: 1.941
[35,  2000] loss: 1.940
[35,  4000] loss: 1.940
[36,  2000] loss: 1.938
[36,  4000] loss: 1.940
[37,  2000] loss: 1.933
[37,  4000] loss: 1.932
[38,  2000] loss: 1.932
[38,  4000] loss: 1.933
[39,  2000] loss: 1.930
[39,  4000] loss: 1.931
[40,  2000] loss: 1.925
[40,  4000] loss: 1.929
[41,  2000] loss: 1.929
[41,  4000] loss: 1.923
[42,  2000] loss: 1.926
[42,  4000] loss: 1.925
[43,  2000] loss: 1.923
[43,  4000] loss: 1.922
[44,  2000] loss: 1.921
[44,  4000] loss: 1.923
[45,  2000] loss: 1.919
[45,  4000] loss: 1.920
[46,  2000] loss: 1.917
[46,  4000] loss: 1.918
[47,  2000] loss: 1.914
[47,  4000] loss: 1.919
[48,  2000] loss: 1.914
[48,  4000] loss: 1.913
[49,  2000] loss: 1.913
[49,  4000] loss: 1.910
[50,  2000] loss: 1.905
[50,  4000] loss: 1.914
[51,  2000] loss: 1.908
[51,  4000] loss: 1.908
[52,  2000] loss: 1.908
[52,  4000] loss: 1.908
[53,  2000] loss: 1.906
[53,  4000] loss: 1.906
[54,  2000] loss: 1.901
[54,  4000] loss: 1.905
[55,  2000] loss: 1.904
[55,  4000] loss: 1.903
[56,  2000] loss: 1.902
[56,  4000] loss: 1.905
[57,  2000] loss: 1.902
[57,  4000] loss: 1.899
[58,  2000] loss: 1.900
[58,  4000] loss: 1.902
[59,  2000] loss: 1.899
[59,  4000] loss: 1.899
[60,  2000] loss: 1.897
[60,  4000] loss: 1.898
[61,  2000] loss: 1.895
[61,  4000] loss: 1.895
[62,  2000] loss: 1.896
[62,  4000] loss: 1.896
[63,  2000] loss: 1.896
[63,  4000] loss: 1.893
[64,  2000] loss: 1.891
[64,  4000] loss: 1.895
[65,  2000] loss: 1.890
[65,  4000] loss: 1.890
[66,  2000] loss: 1.891
[66,  4000] loss: 1.891
[67,  2000] loss: 1.885
[67,  4000] loss: 1.888
[68,  2000] loss: 1.886
[68,  4000] loss: 1.889
[69,  2000] loss: 1.887
[69,  4000] loss: 1.884
[70,  2000] loss: 1.885
[70,  4000] loss: 1.881
[71,  2000] loss: 1.886
[71,  4000] loss: 1.884
[72,  2000] loss: 1.886
[72,  4000] loss: 1.881
[73,  2000] loss: 1.883
[73,  4000] loss: 1.878
[74,  2000] loss: 1.883
[74,  4000] loss: 1.884
[75,  2000] loss: 1.880
[75,  4000] loss: 1.881
[76,  2000] loss: 1.877
[76,  4000] loss: 1.882
[77,  2000] loss: 1.876
[77,  4000] loss: 1.877
[78,  2000] loss: 1.875
[78,  4000] loss: 1.879
[79,  2000] loss: 1.880
[79,  4000] loss: 1.879
[80,  2000] loss: 1.878
[80,  4000] loss: 1.868
[81,  2000] loss: 1.873
[81,  4000] loss: 1.874
[82,  2000] loss: 1.876
[82,  4000] loss: 1.870
[83,  2000] loss: 1.876
[83,  4000] loss: 1.872
[84,  2000] loss: 1.875
[84,  4000] loss: 1.871
[85,  2000] loss: 1.870
[85,  4000] loss: 1.873
[86,  2000] loss: 1.869
[86,  4000] loss: 1.869
[87,  2000] loss: 1.863
[87,  4000] loss: 1.873
[88,  2000] loss: 1.868
[88,  4000] loss: 1.869
[89,  2000] loss: 1.865
[89,  4000] loss: 1.867
[90,  2000] loss: 1.868
[90,  4000] loss: 1.871
[91,  2000] loss: 1.866
[91,  4000] loss: 1.868
[92,  2000] loss: 1.862
[92,  4000] loss: 1.867
[93,  2000] loss: 1.866
[93,  4000] loss: 1.861
[94,  2000] loss: 1.864
[94,  4000] loss: 1.863
[95,  2000] loss: 1.863
[95,  4000] loss: 1.866
[96,  2000] loss: 1.860
[96,  4000] loss: 1.861
[97,  2000] loss: 1.862
[97,  4000] loss: 1.861
[98,  2000] loss: 1.858
[98,  4000] loss: 1.861
[99,  2000] loss: 1.859
[99,  4000] loss: 1.861
[100,  2000] loss: 1.859
[100,  4000] loss: 1.859
[101,  2000] loss: 1.856
[101,  4000] loss: 1.857
[102,  2000] loss: 1.854
[102,  4000] loss: 1.861
[103,  2000] loss: 1.853
[103,  4000] loss: 1.862
[104,  2000] loss: 1.854
[104,  4000] loss: 1.854
[105,  2000] loss: 1.853
[105,  4000] loss: 1.851
[106,  2000] loss: 1.851
[106,  4000] loss: 1.857
[107,  2000] loss: 1.856
[107,  4000] loss: 1.853
[108,  2000] loss: 1.857
[108,  4000] loss: 1.852
[109,  2000] loss: 1.852
[109,  4000] loss: 1.852
[110,  2000] loss: 1.853
[110,  4000] loss: 1.851
[111,  2000] loss: 1.851
[111,  4000] loss: 1.850
[112,  2000] loss: 1.855
[112,  4000] loss: 1.854
[113,  2000] loss: 1.845
[113,  4000] loss: 1.848
[114,  2000] loss: 1.851
[114,  4000] loss: 1.847
[115,  2000] loss: 1.848
[115,  4000] loss: 1.848
[116,  2000] loss: 1.849
[116,  4000] loss: 1.850
[117,  2000] loss: 1.847
[117,  4000] loss: 1.850
[118,  2000] loss: 1.850
[118,  4000] loss: 1.848
[119,  2000] loss: 1.844
[119,  4000] loss: 1.845
[120,  2000] loss: 1.847
[120,  4000] loss: 1.849
[121,  2000] loss: 1.843
[121,  4000] loss: 1.845
[122,  2000] loss: 1.844
[122,  4000] loss: 1.845
[123,  2000] loss: 1.841
[123,  4000] loss: 1.845
[124,  2000] loss: 1.841
[124,  4000] loss: 1.842
[125,  2000] loss: 1.844
[125,  4000] loss: 1.842
[126,  2000] loss: 1.843
[126,  4000] loss: 1.843
[127,  2000] loss: 1.843
[127,  4000] loss: 1.844
[128,  2000] loss: 1.846
[128,  4000] loss: 1.839
[129,  2000] loss: 1.841
[129,  4000] loss: 1.839
[130,  2000] loss: 1.840
[130,  4000] loss: 1.840
[131,  2000] loss: 1.837
[131,  4000] loss: 1.840
[132,  2000] loss: 1.836
[132,  4000] loss: 1.841
[133,  2000] loss: 1.841
[133,  4000] loss: 1.838
[134,  2000] loss: 1.840
[134,  4000] loss: 1.834
[135,  2000] loss: 1.843
[135,  4000] loss: 1.833
[136,  2000] loss: 1.833
[136,  4000] loss: 1.839
[137,  2000] loss: 1.830
[137,  4000] loss: 1.836
[138,  2000] loss: 1.838
[138,  4000] loss: 1.835
[139,  2000] loss: 1.837
[139,  4000] loss: 1.832
[140,  2000] loss: 1.831
[140,  4000] loss: 1.834
[141,  2000] loss: 1.832
[141,  4000] loss: 1.830
[142,  2000] loss: 1.833
[142,  4000] loss: 1.833
[143,  2000] loss: 1.835
[143,  4000] loss: 1.827
[144,  2000] loss: 1.835
[144,  4000] loss: 1.832
[145,  2000] loss: 1.831
[145,  4000] loss: 1.833
[146,  2000] loss: 1.832
[146,  4000] loss: 1.826
[147,  2000] loss: 1.830
[147,  4000] loss: 1.831
[148,  2000] loss: 1.827
[148,  4000] loss: 1.835
[149,  2000] loss: 1.828
[149,  4000] loss: 1.831
[150,  2000] loss: 1.830
[150,  4000] loss: 1.828
[151,  2000] loss: 1.829
[151,  4000] loss: 1.830
[152,  2000] loss: 1.828
[152,  4000] loss: 1.829
[153,  2000] loss: 1.830
[153,  4000] loss: 1.824
[154,  2000] loss: 1.825
[154,  4000] loss: 1.834
[155,  2000] loss: 1.827
[155,  4000] loss: 1.831
[156,  2000] loss: 1.823
[156,  4000] loss: 1.828
[157,  2000] loss: 1.826
[157,  4000] loss: 1.826
[158,  2000] loss: 1.823
[158,  4000] loss: 1.825
[159,  2000] loss: 1.824
[159,  4000] loss: 1.826
[160,  2000] loss: 1.823
[160,  4000] loss: 1.826
[161,  2000] loss: 1.822
[161,  4000] loss: 1.828
[162,  2000] loss: 1.823
[162,  4000] loss: 1.827
[163,  2000] loss: 1.826
[163,  4000] loss: 1.820
[164,  2000] loss: 1.825
[164,  4000] loss: 1.828
[165,  2000] loss: 1.822
[165,  4000] loss: 1.821
[166,  2000] loss: 1.820
[166,  4000] loss: 1.822
[167,  2000] loss: 1.823
[167,  4000] loss: 1.826
[168,  2000] loss: 1.817
[168,  4000] loss: 1.823
[169,  2000] loss: 1.822
[169,  4000] loss: 1.818
[170,  2000] loss: 1.824
[170,  4000] loss: 1.822
[171,  2000] loss: 1.824
[171,  4000] loss: 1.815
[172,  2000] loss: 1.820
[172,  4000] loss: 1.819
[173,  2000] loss: 1.815
[173,  4000] loss: 1.819
[174,  2000] loss: 1.823
[174,  4000] loss: 1.818
[175,  2000] loss: 1.818
[175,  4000] loss: 1.817
[176,  2000] loss: 1.814
[176,  4000] loss: 1.820
[177,  2000] loss: 1.817
[177,  4000] loss: 1.819
[178,  2000] loss: 1.821
[178,  4000] loss: 1.816
[179,  2000] loss: 1.814
[179,  4000] loss: 1.820
[180,  2000] loss: 1.812
[180,  4000] loss: 1.818
[181,  2000] loss: 1.814
[181,  4000] loss: 1.814
[182,  2000] loss: 1.812
[182,  4000] loss: 1.819
[183,  2000] loss: 1.814
[183,  4000] loss: 1.814
[184,  2000] loss: 1.815
[184,  4000] loss: 1.816
[185,  2000] loss: 1.817
[185,  4000] loss: 1.814
[186,  2000] loss: 1.812
[186,  4000] loss: 1.817
[187,  2000] loss: 1.814
[187,  4000] loss: 1.814
[188,  2000] loss: 1.812
[188,  4000] loss: 1.811
[189,  2000] loss: 1.815
[189,  4000] loss: 1.812
[190,  2000] loss: 1.811
[190,  4000] loss: 1.812
[191,  2000] loss: 1.811
[191,  4000] loss: 1.813
[192,  2000] loss: 1.809
[192,  4000] loss: 1.812
[193,  2000] loss: 1.810
[193,  4000] loss: 1.819
[194,  2000] loss: 1.809
[194,  4000] loss: 1.812
[195,  2000] loss: 1.812
[195,  4000] loss: 1.809
[196,  2000] loss: 1.812
[196,  4000] loss: 1.809
[197,  2000] loss: 1.812
[197,  4000] loss: 1.810
[198,  2000] loss: 1.813
[198,  4000] loss: 1.813
[199,  2000] loss: 1.806
[199,  4000] loss: 1.812
[200,  2000] loss: 1.806
[200,  4000] loss: 1.810
Finished Training
Accuracy of the network on the 10000 test images: 58 %
