Files already downloaded and verified
using gpu!
[1,  2000] loss: 2.193
[1,  4000] loss: 2.094
[2,  2000] loss: 2.035
[2,  4000] loss: 2.016
[3,  2000] loss: 1.998
[3,  4000] loss: 1.982
[4,  2000] loss: 1.963
[4,  4000] loss: 1.960
[5,  2000] loss: 1.945
[5,  4000] loss: 1.943
[6,  2000] loss: 1.936
[6,  4000] loss: 1.925
[7,  2000] loss: 1.920
[7,  4000] loss: 1.914
[8,  2000] loss: 1.907
[8,  4000] loss: 1.907
[9,  2000] loss: 1.896
[9,  4000] loss: 1.895
[10,  2000] loss: 1.890
[10,  4000] loss: 1.885
[11,  2000] loss: 1.875
[11,  4000] loss: 1.883
[12,  2000] loss: 1.872
[12,  4000] loss: 1.878
[13,  2000] loss: 1.863
[13,  4000] loss: 1.869
[14,  2000] loss: 1.860
[14,  4000] loss: 1.860
[15,  2000] loss: 1.857
[15,  4000] loss: 1.857
[16,  2000] loss: 1.848
[16,  4000] loss: 1.850
[17,  2000] loss: 1.846
[17,  4000] loss: 1.843
[18,  2000] loss: 1.840
[18,  4000] loss: 1.841
[19,  2000] loss: 1.837
[19,  4000] loss: 1.841
[20,  2000] loss: 1.834
[20,  4000] loss: 1.836
[21,  2000] loss: 1.827
[21,  4000] loss: 1.830
[22,  2000] loss: 1.825
[22,  4000] loss: 1.830
[23,  2000] loss: 1.823
[23,  4000] loss: 1.820
[24,  2000] loss: 1.821
[24,  4000] loss: 1.817
[25,  2000] loss: 1.816
[25,  4000] loss: 1.817
[26,  2000] loss: 1.810
[26,  4000] loss: 1.819
[27,  2000] loss: 1.814
[27,  4000] loss: 1.814
[28,  2000] loss: 1.805
[28,  4000] loss: 1.814
[29,  2000] loss: 1.806
[29,  4000] loss: 1.808
[30,  2000] loss: 1.805
[30,  4000] loss: 1.808
[31,  2000] loss: 1.800
[31,  4000] loss: 1.799
[32,  2000] loss: 1.799
[32,  4000] loss: 1.804
[33,  2000] loss: 1.802
[33,  4000] loss: 1.802
[34,  2000] loss: 1.800
[34,  4000] loss: 1.800
[35,  2000] loss: 1.796
[35,  4000] loss: 1.797
[36,  2000] loss: 1.791
[36,  4000] loss: 1.794
[37,  2000] loss: 1.794
[37,  4000] loss: 1.792
[38,  2000] loss: 1.789
[38,  4000] loss: 1.792
[39,  2000] loss: 1.786
[39,  4000] loss: 1.796
[40,  2000] loss: 1.783
[40,  4000] loss: 1.789
[41,  2000] loss: 1.787
[41,  4000] loss: 1.782
[42,  2000] loss: 1.789
[42,  4000] loss: 1.782
[43,  2000] loss: 1.780
[43,  4000] loss: 1.786
[44,  2000] loss: 1.780
[44,  4000] loss: 1.781
[45,  2000] loss: 1.779
[45,  4000] loss: 1.778
[46,  2000] loss: 1.779
[46,  4000] loss: 1.778
[47,  2000] loss: 1.767
[47,  4000] loss: 1.780
[48,  2000] loss: 1.775
[48,  4000] loss: 1.778
[49,  2000] loss: 1.772
[49,  4000] loss: 1.776
[50,  2000] loss: 1.774
[50,  4000] loss: 1.774
[51,  2000] loss: 1.765
[51,  4000] loss: 1.777
[52,  2000] loss: 1.772
[52,  4000] loss: 1.769
[53,  2000] loss: 1.771
[53,  4000] loss: 1.769
[54,  2000] loss: 1.766
[54,  4000] loss: 1.771
[55,  2000] loss: 1.767
[55,  4000] loss: 1.766
[56,  2000] loss: 1.765
[56,  4000] loss: 1.767
[57,  2000] loss: 1.763
[57,  4000] loss: 1.768
[58,  2000] loss: 1.755
[58,  4000] loss: 1.764
[59,  2000] loss: 1.762
[59,  4000] loss: 1.765
[60,  2000] loss: 1.759
[60,  4000] loss: 1.760
[61,  2000] loss: 1.759
[61,  4000] loss: 1.761
[62,  2000] loss: 1.758
[62,  4000] loss: 1.760
[63,  2000] loss: 1.757
[63,  4000] loss: 1.762
[64,  2000] loss: 1.754
[64,  4000] loss: 1.761
[65,  2000] loss: 1.754
[65,  4000] loss: 1.759
[66,  2000] loss: 1.753
[66,  4000] loss: 1.761
[67,  2000] loss: 1.749
[67,  4000] loss: 1.761
[68,  2000] loss: 1.753
[68,  4000] loss: 1.759
[69,  2000] loss: 1.747
[69,  4000] loss: 1.756
[70,  2000] loss: 1.752
[70,  4000] loss: 1.750
[71,  2000] loss: 1.757
[71,  4000] loss: 1.755
[72,  2000] loss: 1.755
[72,  4000] loss: 1.746
[73,  2000] loss: 1.751
[73,  4000] loss: 1.753
[74,  2000] loss: 1.750
[74,  4000] loss: 1.747
[75,  2000] loss: 1.742
[75,  4000] loss: 1.747
[76,  2000] loss: 1.744
[76,  4000] loss: 1.745
[77,  2000] loss: 1.746
[77,  4000] loss: 1.747
[78,  2000] loss: 1.743
[78,  4000] loss: 1.746
[79,  2000] loss: 1.745
[79,  4000] loss: 1.750
[80,  2000] loss: 1.743
[80,  4000] loss: 1.746
[81,  2000] loss: 1.739
[81,  4000] loss: 1.744
[82,  2000] loss: 1.740
[82,  4000] loss: 1.745
[83,  2000] loss: 1.741
[83,  4000] loss: 1.745
[84,  2000] loss: 1.741
[84,  4000] loss: 1.744
[85,  2000] loss: 1.742
[85,  4000] loss: 1.743
[86,  2000] loss: 1.735
[86,  4000] loss: 1.741
[87,  2000] loss: 1.742
[87,  4000] loss: 1.741
[88,  2000] loss: 1.735
[88,  4000] loss: 1.739
[89,  2000] loss: 1.738
[89,  4000] loss: 1.739
[90,  2000] loss: 1.736
[90,  4000] loss: 1.735
[91,  2000] loss: 1.736
[91,  4000] loss: 1.735
[92,  2000] loss: 1.735
[92,  4000] loss: 1.732
[93,  2000] loss: 1.734
[93,  4000] loss: 1.738
[94,  2000] loss: 1.736
[94,  4000] loss: 1.738
[95,  2000] loss: 1.733
[95,  4000] loss: 1.736
[96,  2000] loss: 1.737
[96,  4000] loss: 1.732
[97,  2000] loss: 1.729
[97,  4000] loss: 1.738
[98,  2000] loss: 1.736
[98,  4000] loss: 1.735
[99,  2000] loss: 1.733
[99,  4000] loss: 1.730
[100,  2000] loss: 1.733
[100,  4000] loss: 1.730
[101,  2000] loss: 1.732
[101,  4000] loss: 1.729
[102,  2000] loss: 1.729
[102,  4000] loss: 1.731
[103,  2000] loss: 1.731
[103,  4000] loss: 1.730
[104,  2000] loss: 1.729
[104,  4000] loss: 1.728
[105,  2000] loss: 1.727
[105,  4000] loss: 1.729
[106,  2000] loss: 1.726
[106,  4000] loss: 1.729
[107,  2000] loss: 1.727
[107,  4000] loss: 1.728
[108,  2000] loss: 1.726
[108,  4000] loss: 1.728
[109,  2000] loss: 1.724
[109,  4000] loss: 1.725
[110,  2000] loss: 1.728
[110,  4000] loss: 1.721
[111,  2000] loss: 1.724
[111,  4000] loss: 1.731
[112,  2000] loss: 1.724
[112,  4000] loss: 1.727
[113,  2000] loss: 1.723
[113,  4000] loss: 1.723
[114,  2000] loss: 1.723
[114,  4000] loss: 1.731
[115,  2000] loss: 1.726
[115,  4000] loss: 1.725
[116,  2000] loss: 1.725
[116,  4000] loss: 1.724
[117,  2000] loss: 1.720
[117,  4000] loss: 1.726
[118,  2000] loss: 1.724
[118,  4000] loss: 1.722
[119,  2000] loss: 1.720
[119,  4000] loss: 1.721
[120,  2000] loss: 1.722
[120,  4000] loss: 1.722
[121,  2000] loss: 1.717
[121,  4000] loss: 1.717
[122,  2000] loss: 1.720
[122,  4000] loss: 1.723
[123,  2000] loss: 1.719
[123,  4000] loss: 1.719
[124,  2000] loss: 1.720
[124,  4000] loss: 1.718
[125,  2000] loss: 1.718
[125,  4000] loss: 1.719
[126,  2000] loss: 1.714
[126,  4000] loss: 1.723
[127,  2000] loss: 1.719
[127,  4000] loss: 1.717
[128,  2000] loss: 1.713
[128,  4000] loss: 1.720
[129,  2000] loss: 1.714
[129,  4000] loss: 1.717
[130,  2000] loss: 1.717
[130,  4000] loss: 1.717
[131,  2000] loss: 1.717
[131,  4000] loss: 1.721
[132,  2000] loss: 1.719
[132,  4000] loss: 1.716
[133,  2000] loss: 1.717
[133,  4000] loss: 1.713
[134,  2000] loss: 1.716
[134,  4000] loss: 1.719
[135,  2000] loss: 1.718
[135,  4000] loss: 1.717
[136,  2000] loss: 1.714
[136,  4000] loss: 1.719
[137,  2000] loss: 1.714
[137,  4000] loss: 1.715
[138,  2000] loss: 1.713
[138,  4000] loss: 1.713
[139,  2000] loss: 1.712
[139,  4000] loss: 1.708
[140,  2000] loss: 1.713
[140,  4000] loss: 1.713
[141,  2000] loss: 1.712
[141,  4000] loss: 1.715
[142,  2000] loss: 1.709
[142,  4000] loss: 1.713
[143,  2000] loss: 1.713
[143,  4000] loss: 1.711
[144,  2000] loss: 1.710
[144,  4000] loss: 1.714
[145,  2000] loss: 1.711
[145,  4000] loss: 1.712
[146,  2000] loss: 1.712
[146,  4000] loss: 1.712
[147,  2000] loss: 1.710
[147,  4000] loss: 1.707
[148,  2000] loss: 1.710
[148,  4000] loss: 1.710
[149,  2000] loss: 1.716
[149,  4000] loss: 1.714
[150,  2000] loss: 1.707
[150,  4000] loss: 1.717
[151,  2000] loss: 1.703
[151,  4000] loss: 1.714
[152,  2000] loss: 1.711
[152,  4000] loss: 1.706
[153,  2000] loss: 1.708
[153,  4000] loss: 1.715
[154,  2000] loss: 1.705
[154,  4000] loss: 1.714
[155,  2000] loss: 1.698
[155,  4000] loss: 1.711
[156,  2000] loss: 1.703
[156,  4000] loss: 1.704
[157,  2000] loss: 1.710
[157,  4000] loss: 1.703
[158,  2000] loss: 1.704
[158,  4000] loss: 1.711
[159,  2000] loss: 1.706
[159,  4000] loss: 1.709
[160,  2000] loss: 1.703
[160,  4000] loss: 1.706
[161,  2000] loss: 1.702
[161,  4000] loss: 1.705
[162,  2000] loss: 1.703
[162,  4000] loss: 1.710
[163,  2000] loss: 1.697
[163,  4000] loss: 1.707
[164,  2000] loss: 1.704
[164,  4000] loss: 1.705
[165,  2000] loss: 1.707
[165,  4000] loss: 1.703
[166,  2000] loss: 1.703
[166,  4000] loss: 1.708
[167,  2000] loss: 1.705
[167,  4000] loss: 1.706
[168,  2000] loss: 1.701
[168,  4000] loss: 1.705
[169,  2000] loss: 1.703
[169,  4000] loss: 1.702
[170,  2000] loss: 1.703
[170,  4000] loss: 1.704
[171,  2000] loss: 1.698
[171,  4000] loss: 1.704
[172,  2000] loss: 1.703
[172,  4000] loss: 1.699
[173,  2000] loss: 1.696
[173,  4000] loss: 1.703
[174,  2000] loss: 1.698
[174,  4000] loss: 1.700
[175,  2000] loss: 1.698
[175,  4000] loss: 1.703
[176,  2000] loss: 1.700
[176,  4000] loss: 1.703
[177,  2000] loss: 1.699
[177,  4000] loss: 1.704
[178,  2000] loss: 1.697
[178,  4000] loss: 1.708
[179,  2000] loss: 1.699
[179,  4000] loss: 1.700
[180,  2000] loss: 1.698
[180,  4000] loss: 1.701
[181,  2000] loss: 1.705
[181,  4000] loss: 1.694
[182,  2000] loss: 1.703
[182,  4000] loss: 1.699
[183,  2000] loss: 1.695
[183,  4000] loss: 1.701
[184,  2000] loss: 1.699
[184,  4000] loss: 1.702
[185,  2000] loss: 1.698
[185,  4000] loss: 1.697
[186,  2000] loss: 1.700
[186,  4000] loss: 1.695
[187,  2000] loss: 1.697
[187,  4000] loss: 1.700
[188,  2000] loss: 1.701
[188,  4000] loss: 1.694
[189,  2000] loss: 1.696
[189,  4000] loss: 1.700
[190,  2000] loss: 1.697
[190,  4000] loss: 1.698
[191,  2000] loss: 1.698
[191,  4000] loss: 1.700
[192,  2000] loss: 1.694
[192,  4000] loss: 1.699
[193,  2000] loss: 1.695
[193,  4000] loss: 1.701
[194,  2000] loss: 1.693
[194,  4000] loss: 1.700
[195,  2000] loss: 1.694
[195,  4000] loss: 1.692
[196,  2000] loss: 1.700
[196,  4000] loss: 1.695
[197,  2000] loss: 1.697
[197,  4000] loss: 1.696
[198,  2000] loss: 1.695
[198,  4000] loss: 1.696
[199,  2000] loss: 1.698
[199,  4000] loss: 1.694
[200,  2000] loss: 1.694
[200,  4000] loss: 1.696
Finished Training
Accuracy of the network on the 10000 test images: 61 %
