Files already downloaded and verified
using gpu!
[1,  2000] loss: 2.124
[1,  4000] loss: 2.067
[2,  2000] loss: 2.028
[2,  4000] loss: 2.012
[3,  2000] loss: 1.974
[3,  4000] loss: 1.962
[4,  2000] loss: 1.949
[4,  4000] loss: 1.936
[5,  2000] loss: 1.932
[5,  4000] loss: 1.924
[6,  2000] loss: 1.914
[6,  4000] loss: 1.917
[7,  2000] loss: 1.909
[7,  4000] loss: 1.904
[8,  2000] loss: 1.894
[8,  4000] loss: 1.902
[9,  2000] loss: 1.882
[9,  4000] loss: 1.894
[10,  2000] loss: 1.884
[10,  4000] loss: 1.886
[11,  2000] loss: 1.881
[11,  4000] loss: 1.877
[12,  2000] loss: 1.871
[12,  4000] loss: 1.870
[13,  2000] loss: 1.873
[13,  4000] loss: 1.873
[14,  2000] loss: 1.867
[14,  4000] loss: 1.864
[15,  2000] loss: 1.861
[15,  4000] loss: 1.863
[16,  2000] loss: 1.855
[16,  4000] loss: 1.863
[17,  2000] loss: 1.853
[17,  4000] loss: 1.848
[18,  2000] loss: 1.851
[18,  4000] loss: 1.851
[19,  2000] loss: 1.851
[19,  4000] loss: 1.856
[20,  2000] loss: 1.849
[20,  4000] loss: 1.844
[21,  2000] loss: 1.846
[21,  4000] loss: 1.848
[22,  2000] loss: 1.841
[22,  4000] loss: 1.847
[23,  2000] loss: 1.838
[23,  4000] loss: 1.841
[24,  2000] loss: 1.838
[24,  4000] loss: 1.835
[25,  2000] loss: 1.835
[25,  4000] loss: 1.834
[26,  2000] loss: 1.833
[26,  4000] loss: 1.834
[27,  2000] loss: 1.832
[27,  4000] loss: 1.838
[28,  2000] loss: 1.826
[28,  4000] loss: 1.836
[29,  2000] loss: 1.828
[29,  4000] loss: 1.829
[30,  2000] loss: 1.825
[30,  4000] loss: 1.826
[31,  2000] loss: 1.825
[31,  4000] loss: 1.828
[32,  2000] loss: 1.829
[32,  4000] loss: 1.825
[33,  2000] loss: 1.820
[33,  4000] loss: 1.830
[34,  2000] loss: 1.831
[34,  4000] loss: 1.817
[35,  2000] loss: 1.822
[35,  4000] loss: 1.825
[36,  2000] loss: 1.820
[36,  4000] loss: 1.822
[37,  2000] loss: 1.817
[37,  4000] loss: 1.825
[38,  2000] loss: 1.813
[38,  4000] loss: 1.813
[39,  2000] loss: 1.816
[39,  4000] loss: 1.819
[40,  2000] loss: 1.819
[40,  4000] loss: 1.819
[41,  2000] loss: 1.813
[41,  4000] loss: 1.822
[42,  2000] loss: 1.815
[42,  4000] loss: 1.816
[43,  2000] loss: 1.815
[43,  4000] loss: 1.817
[44,  2000] loss: 1.816
[44,  4000] loss: 1.814
[45,  2000] loss: 1.817
[45,  4000] loss: 1.813
[46,  2000] loss: 1.813
[46,  4000] loss: 1.816
[47,  2000] loss: 1.809
[47,  4000] loss: 1.813
[48,  2000] loss: 1.803
[48,  4000] loss: 1.813
[49,  2000] loss: 1.813
[49,  4000] loss: 1.812
[50,  2000] loss: 1.811
[50,  4000] loss: 1.813
[51,  2000] loss: 1.812
[51,  4000] loss: 1.810
[52,  2000] loss: 1.811
[52,  4000] loss: 1.814
[53,  2000] loss: 1.812
[53,  4000] loss: 1.811
[54,  2000] loss: 1.803
[54,  4000] loss: 1.811
[55,  2000] loss: 1.803
[55,  4000] loss: 1.806
[56,  2000] loss: 1.808
[56,  4000] loss: 1.807
[57,  2000] loss: 1.804
[57,  4000] loss: 1.806
[58,  2000] loss: 1.806
[58,  4000] loss: 1.806
[59,  2000] loss: 1.802
[59,  4000] loss: 1.800
[60,  2000] loss: 1.803
[60,  4000] loss: 1.801
[61,  2000] loss: 1.803
[61,  4000] loss: 1.802
[62,  2000] loss: 1.802
[62,  4000] loss: 1.803
[63,  2000] loss: 1.807
[63,  4000] loss: 1.803
[64,  2000] loss: 1.793
[64,  4000] loss: 1.810
[65,  2000] loss: 1.810
[65,  4000] loss: 1.802
[66,  2000] loss: 1.801
[66,  4000] loss: 1.808
[67,  2000] loss: 1.799
[67,  4000] loss: 1.805
[68,  2000] loss: 1.797
[68,  4000] loss: 1.801
[69,  2000] loss: 1.799
[69,  4000] loss: 1.803
[70,  2000] loss: 1.800
[70,  4000] loss: 1.802
[71,  2000] loss: 1.792
[71,  4000] loss: 1.809
[72,  2000] loss: 1.795
[72,  4000] loss: 1.800
[73,  2000] loss: 1.797
[73,  4000] loss: 1.797
[74,  2000] loss: 1.796
[74,  4000] loss: 1.802
[75,  2000] loss: 1.799
[75,  4000] loss: 1.797
[76,  2000] loss: 1.796
[76,  4000] loss: 1.800
[77,  2000] loss: 1.799
[77,  4000] loss: 1.794
[78,  2000] loss: 1.794
[78,  4000] loss: 1.801
[79,  2000] loss: 1.798
[79,  4000] loss: 1.800
[80,  2000] loss: 1.799
[80,  4000] loss: 1.802
[81,  2000] loss: 1.791
[81,  4000] loss: 1.797
[82,  2000] loss: 1.800
[82,  4000] loss: 1.798
[83,  2000] loss: 1.796
[83,  4000] loss: 1.805
[84,  2000] loss: 1.794
[84,  4000] loss: 1.791
[85,  2000] loss: 1.793
[85,  4000] loss: 1.795
[86,  2000] loss: 1.800
[86,  4000] loss: 1.793
[87,  2000] loss: 1.792
[87,  4000] loss: 1.787
[88,  2000] loss: 1.796
[88,  4000] loss: 1.795
[89,  2000] loss: 1.791
[89,  4000] loss: 1.797
[90,  2000] loss: 1.790
[90,  4000] loss: 1.794
[91,  2000] loss: 1.788
[91,  4000] loss: 1.793
[92,  2000] loss: 1.795
[92,  4000] loss: 1.793
[93,  2000] loss: 1.792
[93,  4000] loss: 1.798
[94,  2000] loss: 1.792
[94,  4000] loss: 1.795
[95,  2000] loss: 1.793
[95,  4000] loss: 1.793
[96,  2000] loss: 1.800
[96,  4000] loss: 1.790
[97,  2000] loss: 1.792
[97,  4000] loss: 1.796
[98,  2000] loss: 1.790
[98,  4000] loss: 1.790
[99,  2000] loss: 1.787
[99,  4000] loss: 1.789
[100,  2000] loss: 1.794
[100,  4000] loss: 1.799
[101,  2000] loss: 1.788
[101,  4000] loss: 1.787
[102,  2000] loss: 1.797
[102,  4000] loss: 1.794
[103,  2000] loss: 1.790
[103,  4000] loss: 1.788
[104,  2000] loss: 1.788
[104,  4000] loss: 1.793
[105,  2000] loss: 1.787
[105,  4000] loss: 1.797
[106,  2000] loss: 1.795
[106,  4000] loss: 1.800
[107,  2000] loss: 1.796
[107,  4000] loss: 1.789
[108,  2000] loss: 1.788
[108,  4000] loss: 1.789
[109,  2000] loss: 1.789
[109,  4000] loss: 1.796
[110,  2000] loss: 1.789
[110,  4000] loss: 1.794
[111,  2000] loss: 1.787
[111,  4000] loss: 1.794
[112,  2000] loss: 1.793
[112,  4000] loss: 1.792
[113,  2000] loss: 1.796
[113,  4000] loss: 1.787
[114,  2000] loss: 1.792
[114,  4000] loss: 1.786
[115,  2000] loss: 1.788
[115,  4000] loss: 1.788
[116,  2000] loss: 1.780
[116,  4000] loss: 1.789
[117,  2000] loss: 1.793
[117,  4000] loss: 1.790
[118,  2000] loss: 1.792
[118,  4000] loss: 1.797
[119,  2000] loss: 1.790
[119,  4000] loss: 1.793
[120,  2000] loss: 1.787
[120,  4000] loss: 1.794
[121,  2000] loss: 1.785
[121,  4000] loss: 1.788
[122,  2000] loss: 1.790
[122,  4000] loss: 1.791
[123,  2000] loss: 1.794
[123,  4000] loss: 1.787
[124,  2000] loss: 1.789
[124,  4000] loss: 1.793
[125,  2000] loss: 1.793
[125,  4000] loss: 1.795
[126,  2000] loss: 1.789
[126,  4000] loss: 1.792
[127,  2000] loss: 1.789
[127,  4000] loss: 1.792
[128,  2000] loss: 1.786
[128,  4000] loss: 1.795
[129,  2000] loss: 1.790
[129,  4000] loss: 1.788
[130,  2000] loss: 1.792
[130,  4000] loss: 1.792
[131,  2000] loss: 1.788
[131,  4000] loss: 1.793
[132,  2000] loss: 1.798
[132,  4000] loss: 1.794
[133,  2000] loss: 1.796
[133,  4000] loss: 1.792
[134,  2000] loss: 1.797
[134,  4000] loss: 1.786
[135,  2000] loss: 1.790
[135,  4000] loss: 1.789
[136,  2000] loss: 1.791
[136,  4000] loss: 1.790
[137,  2000] loss: 1.788
[137,  4000] loss: 1.791
[138,  2000] loss: 1.790
[138,  4000] loss: 1.786
[139,  2000] loss: 1.793
[139,  4000] loss: 1.788
[140,  2000] loss: 1.790
[140,  4000] loss: 1.796
[141,  2000] loss: 1.791
[141,  4000] loss: 1.799
[142,  2000] loss: 1.792
[142,  4000] loss: 1.795
[143,  2000] loss: 1.798
[143,  4000] loss: 1.790
[144,  2000] loss: 1.790
[144,  4000] loss: 1.796
[145,  2000] loss: 1.787
[145,  4000] loss: 1.789
[146,  2000] loss: 1.792
[146,  4000] loss: 1.796
[147,  2000] loss: 1.791
[147,  4000] loss: 1.787
[148,  2000] loss: 1.792
[148,  4000] loss: 1.793
[149,  2000] loss: 1.784
[149,  4000] loss: 1.801
[150,  2000] loss: 1.795
[150,  4000] loss: 1.785
[151,  2000] loss: 1.800
[151,  4000] loss: 1.796
[152,  2000] loss: 1.792
[152,  4000] loss: 1.790
[153,  2000] loss: 1.797
[153,  4000] loss: 1.783
[154,  2000] loss: 1.792
[154,  4000] loss: 1.790
[155,  2000] loss: 1.794
[155,  4000] loss: 1.789
[156,  2000] loss: 1.801
[156,  4000] loss: 1.788
[157,  2000] loss: 1.791
[157,  4000] loss: 1.795
[158,  2000] loss: 1.793
[158,  4000] loss: 1.790
[159,  2000] loss: 1.794
[159,  4000] loss: 1.787
[160,  2000] loss: 1.796
[160,  4000] loss: 1.786
[161,  2000] loss: 1.793
[161,  4000] loss: 1.790
[162,  2000] loss: 1.793
[162,  4000] loss: 1.792
[163,  2000] loss: 1.792
[163,  4000] loss: 1.800
[164,  2000] loss: 1.793
[164,  4000] loss: 1.790
[165,  2000] loss: 1.791
[165,  4000] loss: 1.796
[166,  2000] loss: 1.786
[166,  4000] loss: 1.792
[167,  2000] loss: 1.786
[167,  4000] loss: 1.791
[168,  2000] loss: 1.792
[168,  4000] loss: 1.795
[169,  2000] loss: 1.787
[169,  4000] loss: 1.796
[170,  2000] loss: 1.792
[170,  4000] loss: 1.792
[171,  2000] loss: 1.789
[171,  4000] loss: 1.791
[172,  2000] loss: 1.785
[172,  4000] loss: 1.795
[173,  2000] loss: 1.793
[173,  4000] loss: 1.791
[174,  2000] loss: 1.789
[174,  4000] loss: 1.787
[175,  2000] loss: 1.795
[175,  4000] loss: 1.789
[176,  2000] loss: 1.791
[176,  4000] loss: 1.801
[177,  2000] loss: 1.785
[177,  4000] loss: 1.793
[178,  2000] loss: 1.789
[178,  4000] loss: 1.791
[179,  2000] loss: 1.796
[179,  4000] loss: 1.789
[180,  2000] loss: 1.791
[180,  4000] loss: 1.795
[181,  2000] loss: 1.784
[181,  4000] loss: 1.787
[182,  2000] loss: 1.794
[182,  4000] loss: 1.796
[183,  2000] loss: 1.792
[183,  4000] loss: 1.795
[184,  2000] loss: 1.792
[184,  4000] loss: 1.801
[185,  2000] loss: 1.797
[185,  4000] loss: 1.802
[186,  2000] loss: 1.795
[186,  4000] loss: 1.799
[187,  2000] loss: 1.794
[187,  4000] loss: 1.796
[188,  2000] loss: 1.794
[188,  4000] loss: 1.787
[189,  2000] loss: 1.795
[189,  4000] loss: 1.795
[190,  2000] loss: 1.789
[190,  4000] loss: 1.798
[191,  2000] loss: 1.798
[191,  4000] loss: 1.790
[192,  2000] loss: 1.799
[192,  4000] loss: 1.792
[193,  2000] loss: 1.797
[193,  4000] loss: 1.796
[194,  2000] loss: 1.790
[194,  4000] loss: 1.793
[195,  2000] loss: 1.793
[195,  4000] loss: 1.787
[196,  2000] loss: 1.792
[196,  4000] loss: 1.788
[197,  2000] loss: 1.790
[197,  4000] loss: 1.799
[198,  2000] loss: 1.791
[198,  4000] loss: 1.800
[199,  2000] loss: 1.794
[199,  4000] loss: 1.799
[200,  2000] loss: 1.787
[200,  4000] loss: 1.796
Finished Training
Accuracy of the network on the 10000 test images: 61 %
